
1|0|4|4|9|u|0|_|a|4|4|9
1|0|4|4|9|u|0|_|a|4|4|9
1|0|2|7|4|u|0|_|a|2|7|4
1|0|4|0|4|u|0|_|a|4|0|4
1|0|1|6|8|u|0|_|a|1|6|8
1|0|5|4|2|u|0|_|a|5|4|2 (6days)
1|0|4|3|9|u|0|_|a|4|3|9
1|0|4|4|4|u|0|_|a|4|4|4 (7days)
1|0|3|8|7|u|0|_|a|3|8|7 (bikel)
1|0|2|3|2|u|0|_|a|2|3|2 (bikel)
1|0|2|1|7|u|0|_|a|2|1|7. (bikel)
1|0|4|2|6|u|0|_|a|4|2|6 (kal sokal)
1|0|0|1|9|u|0|_|a|1|9   (kal sokal)
1|0|4|9|3|u|0|_|a|4|9|3 (agami robibar porjonto)
1|0|2|1|0|u|0|_|a|2|1|0 (4 tarikh porjonto)
1|0|2|1|3|u|0|_|a|2|1|3
1|0|2|6|7|u|0|_|a|2|6|7  (20tarikh porjonto)
1|0|3|4|3|u|0|_|a|3|4|3  (1days)
1|0|4|8|4|u|0|_|a|4|8|4
1|0|3|8|9|u|0|_|a|3|8|9
1|0|4|5|5|u|0|_|a|4|5|5
1|0|3|7|9|u|0|_|a|3|7|9
1|0|2|6|5|u|0|_|a|2|6|5
1|0|2|4|5|u|0|_|a|2|4|5
